((("answer" .
   [1 0 0 0 0 0])
  ("recov_ans" .
   [1 0 0 0 0 0 0 0 0])
  ("recov_qst" .
   [1 0 0 0 0 1 0 0 0])
  ("nickname" .
   [0 0 0 0 1 1 0 0])
  ("email" .
   [2 0 0 0 0])
  ("password" .
   [2 0 0 0 0 0 0 0])
  ("username" .
   [4 0 0 0 0 0 0 0])
  ("user" .
   [3 0 0 0])
  ("captcha" .
   [1 0 0 0 0 0 0])
  ("Captcha" .
   [0 0 0 0 0 0 1])
  ("body" .
   [1 0 0 0])
  ("comment" .
   [3 0 0 0 0 0 0])
  ("tag_list" .
   [1 0 0 0 0 0 0 0])
  ("abstract" .
   [1 0 0 0 0 0 0 0])
  ("title" .
   [2 0 0 0 0])
  ("article" .
   [2 0 0 0 0 0 0])
  ("fail" .
   [3 0 0 0])
  ("redirect_to_index" .
   [1 0 0 0 0 0 0 0 0 0 0 0 0 0 0 0 0])
  ("return" .
   [1 0 0 0 0 0])
  ("and" .
   [7 0 0])
  ("icon" .
   [1 0 0 0])
  ("dir" .
   [1 0 0])
  ("order" .
   [1 0 0 0 0])
  ("not" .
   [2 0 0])
  ("nil?" .
   [1 0 0 0])
  ("error" .
   [1 0 0 0 0])
  ("flash" .
   [1 0 0 0 0])
  ("length_err" .
   [0 0 0 1 0 0 0 0 0 0])
  ("CPDConf" .
   [0 0 0 0 1 0 0])
  ("then" .
   [1 0 0 0])
  ("length" .
   [4 0 0 0 0 0])
  ("page" .
   [2 0 0 0])
  ("or" .
   [14 0])
  ("self" .
   [1 0 0 0])
  ("params" .
   [4 0 0 0 0 2])
  ("30em" .
   [1 0 0 0])
  ("100px" .
   [1 0 0 0 0])
  ("10px" .
   [1 0 0 0])
  ("General" .
   [0 0 0 0 1 0 0])
  ("Notes" .
   [0 0 0 1 0])
  ("test" .
   [1 0 0 0])
  ("lkjlkj" .
   [0 0 0 1 0 0])
  ("if" .
   [3 0])
  ("my_lua" .
   [0 0 1 1 0 0])
  ("thisddd" .
   [0 0 0 1 0 0 0])
  ("int" .
   [5 0 0])
  ("main" .
   [1 0 0 0])
  ("this" .
   [1 0 0 0])
  ("t" .
   [1])
  ("import" .
   [0 0 0 0 0 1])
  ("SystemExit" .
   [0 0 1 0 0 0 0 0 0 0])
  ("def" .
   [2 0 0])
  ("section" .
   [0 0 0 0 1 0 0])
  ("sigma" .
   [0 0 2 1 0])
  ("sec" .
   [1 0 0])))
